epi_method = epi 2  with tolerance =  1e-08
Solve using  RK45  with  50  steps with spatial grid  41 x 41 using epi 2
-0.40056515033394147 -0.40056515033394147 -0.09115123403322889 -0.09115123403322889 -0.09069106767885732 
1.5367647019074209 -1.5367647019074209 1.570323775496569 -1.570323775496569 1.5691451434372758 
-0.36115224879917845 -0.36115224879917845 -0.3099729099731978 -0.3099729099731978 -0.09156879158980585 
1.5453972575744104 -1.5453972575744104 1.4979058603715887 -1.4979058603715887 1.572035962148418 
-0.3334391298566879 -0.3334391298566879 -0.289572141218903 -0.289572141218903 -0.2893900581762186 
1.5515822671895747 -1.5515822671895747 1.5089603293815088 -1.5089603293815088 1.5088742763602063 
-0.3130348319991812 -0.3130348319991812 -0.2746637802870461 -0.2746637802870461 -0.09427916291030203 
1.5562345844224847 -1.5562345844224847 1.517273822333932 -1.517273822333932 1.5760997967377 
-0.29749176739048905 -0.29749176739048905 -0.2634229699416708 -0.2634229699416708 -0.09628219097796331 
1.5598677914529304 -1.5598677914529304 1.5238134026519847 -1.5238134026519847 1.5774029004540369 
-0.28534759689747136 -0.28534759689747136 -0.25483629301939437 -0.25483629301939437 -0.09861168229695183 
1.5627911430455035 -1.5627911430455035 1.5290708283772614 -1.5290708283772614 1.5782447029572355 
-0.2756756622836905 -0.2756756622836905 -0.24810973571638412 -0.24810973571638412 -0.1012292470798522 
1.565182793418537 -1.565182793418537 1.5331998329933327 -1.5331998329933327 1.5786350071790682 
-0.26781511911774236 -0.26781511911774236 -0.24235856983713852 -0.24235856983713852 -0.10411943477021463 
1.5671411081705715 -1.5671411081705715 1.536471458740459 -1.536471458740459 1.5785535575918694 
-0.2612211619821802 -0.2612211619821802 -0.23690965892685445 -0.23690965892685445 -0.10728840970245068 
1.5688213292464528 -1.5688213292464528 1.5399611681265155 -1.5399611681265155 1.577918826779903 
-0.2556313401377434 -0.2556313401377434 -0.23374256189373824 -0.23374256189373824 -0.1107446514643769 
1.5706304735627203 -1.5706304735627203 1.5450791981364127 -1.5450791981364127 1.5764923794002286 
-0.25160128586510183 -0.25160128586510183 -0.001184909053722981 -0.23423689076922477 -0.23423689076922477 
1.572767313132688 -1.572767313132688 0.0 1.5480622944824067 -1.5480622944824067 
-0.24952014999502253 -0.24952014999502253 -0.2352024430345951 -0.2352024430345951 -0.21932891119381415 
1.5740918142633882 -1.5740918142633882 1.5480461251472362 -1.5480461251472362 1.52066487840062 
-0.24820982881648512 -0.24820982881648512 -0.2355964675773774 -0.2355964675773774 -0.13172584666015633 
1.573680881498839 -1.573680881498839 1.545898718420684 -1.545898718420684 1.5785206763041422 
-0.2465078279411803 -0.2465078279411803 -0.13614734564875575 -0.13614734564875575 -0.23478946295705155 
1.5720290058965307 -1.5720290058965307 1.5801058223098623 -1.5801058223098623 1.5424892943326376 
-0.24421968447757914 -0.24421968447757914 -0.23287693182083546 -0.23287693182083546 -0.140447051296389 
1.5699620108101315 -1.5699620108101315 1.5387126790820134 -1.5387126790820134 1.5814355486794678 
-0.24158606313872608 -0.24158606313872608 -0.14465844137592349 -0.14465844137592349 -0.11646883126542568 
1.567885863363265 -1.567885863363265 1.582575082382716 -1.582575082382716 1.5663037552041716 
-0.23880632018928222 -0.23880632018928222 -0.14879825116501255 -0.14879825116501255 -0.2270761345676932 
1.5658933637569152 -1.5658933637569152 1.5835629524633892 -1.5835629524633892 1.5311605991313255 
-0.23596477233519583 -0.23596477233519583 -0.15287216033371082 -0.15287216033371082 -0.2235294756369751 
1.563958094727438 -1.563958094727438 1.5844253604572858 -1.5844253604572858 1.5272747015343497 
-0.23307043868400462 -0.23307043868400462 -0.15687884128741741 -0.15687884128741741 -0.12146156157365706 
1.562011268222785 -1.562011268222785 1.5851816815600719 -1.5851816815600719 1.5632875078809536 
-0.23009571118975575 -0.23009571118975575 -0.16081257070786353 -0.16081257070786353 -0.1230428022603961 
1.5599642781936862 -1.5599642781936862 1.5858469865632467 -1.5858469865632467 1.5621576891817095 
-0.22699813390962337 -0.22699813390962337 -0.16466498888981823 -0.16466498888981823 -0.12464234790621886 
1.5577170214594296 -1.5577170214594296 1.586433376644664 -1.586433376644664 1.5610523647146781 
-0.22372748091017308 -0.22372748091017308 -0.16842634950520247 -0.16842634950520247 -0.12630804330037285 
1.5551619938302423 -1.5551619938302423 1.586950781921582 -1.586950781921582 1.5599612807102523 
-0.1720864332736165 -0.1720864332736165 -0.22022342377768875 -0.22022342377768875 -0.12805863402491752 
1.5874074948118817 -1.5874074948118817 1.5521846193437112 -1.5521846193437112 1.5588663972052064 
-0.17563521622312345 -0.17563521622312345 -0.12989128636757863 -0.12989128636757863 -0.2164086181205188 
1.5878105474120339 -1.5878105474120339 1.5577573031589713 -1.5577573031589713 1.548659852214985 
-0.1790633614782863 -0.1790633614782863 -0.13179184973086605 -0.13179184973086605 -0.17883522644334346 
1.5881659546361573 -1.5881659546361573 1.5566244682563977 -1.5566244682563977 1.577527785324262 
-0.18236261855140123 -0.18236261855140123 -0.13373842610221065 -0.13373842610221065 -0.182026868864971 
1.5884788254358557 -1.5884788254358557 1.5554473049515223 -1.5554473049515223 1.5780595267841382 
-0.18552618449909403 -0.18552618449909403 -0.13568811166270944 -0.13568811166270944 -0.1851033470429544 
1.5887533688906272 -1.5887533688906272 1.5541979793526053 -1.5541979793526053 1.5786047437714819 
-0.18854891641946103 -0.18854891641946103 -0.1375260649820868 -0.1375260649820868 -0.1880648837109552 
1.5889929147901845 -1.5889929147901845 1.5528512741607188 -1.5528512741607188 1.5791522279951091 
-0.1914272667635788 -0.1914272667635788 -0.1389802484446027 -0.1389802484446027 -0.1909099659547821 
1.5892000258928083 -1.5892000258928083 1.551332620111737 -1.551332620111737 1.5796887131358632 
-0.1941589169049545 -0.1941589169049545 -0.19363560067299745 -0.19363560067299745 -0.1936727119379094 
1.5893766339587705 -1.5893766339587705 1.5802012454457717 -1.5802012454457717 1.5726433323398947 
-0.19674237989893256 -0.19674237989893256 -0.13937262299016867 -0.13937262299016867 -0.19623711039031472 
1.5895243697581753 -1.5895243697581753 1.5462613801631744 -1.5462613801631744 1.5806780641438902 
-0.19917697519553956 -0.19917697519553956 -0.13828965608821028 -0.13828965608821028 -0.19870878132886016 
1.5896449937308075 -1.5896449937308075 1.5413029148019608 -1.5413029148019608 1.581109340583769 
-0.20146305618681795 -0.20146305618681795 -0.13698769798905036 -0.13698769798905036 -0.20104498279201427 
1.5897407535579202 -1.5897407535579202 1.5335595426435085 -1.5335595426435085 1.5814882581580134 
-0.2036024507665973 -0.2036024507665973 -0.20324229735610255 -0.20324229735610255 -0.20316340163918567 
1.5898144321404903 -1.5898144321404903 1.5818114091891446 -1.5818114091891446 1.5741500722024706 
-0.20559856040307123 -0.20559856040307123 -0.20530069541677376 -0.20530069541677376 -0.1385923438311768 
1.589869018548669 -1.589869018548669 1.5820776215908605 -1.5820776215908605 1.5042005906499716 
-0.20745611207868853 -0.20745611207868853 -0.20722341284374468 -0.20722341284374468 -0.20710646872371202 
1.5899074091181435 -1.5899074091181435 1.5822865613054806 -1.5822865613054806 1.5747415255132575 
-0.2091805526021447 -0.2091805526021447 -0.20901449723548188 -0.20901449723548188 -0.20890482137963784 
1.5899322675126295 -1.5899322675126295 1.5824376892342904 -1.5824376892342904 1.5749655404952185 
-0.21077748426984394 -0.21077748426984394 -0.21067499321995625 -0.21067499321995625 -0.2105922416340404 
1.5899462148057388 -1.5899462148057388 1.5825315187736504 -1.5825315187736504 1.575121101463789 
-0.21225250360559372 -0.21225250360559372 -0.21220083435936835 -0.21220083435936835 -0.21215368425573278 
1.58995235076843 -1.58995235076843 1.5825756796842614 -1.5825756796842614 1.5752008239864643 
-0.21361197374206342 -0.21361197374206342 -0.21357075064051156 -0.21357075064051156 -0.21359101652737827 
1.5899542610033768 -1.5899542610033768 1.5752257765833293 -1.5752257765833293 1.5825892840137656 
-0.21486345550673652 -0.21486345550673652 -0.2148496574036443 -0.2148496574036443 -0.21485659092590725 
1.5899547578313313 -1.5899547578313313 1.5752306712731086 -1.5752306712731086 1.5825923204552341 
-0.21601465200729195 -0.21601465200729195 -0.21601331757658584 -0.21601331757658584 -0.2160118103728608 
1.5899549846471732 -1.5899549846471732 1.5825936093755286 -1.5825936093755286 1.5752325823258002 
-0.2170725575387079 -0.2170725575387079 -0.2170730373991994 -0.2170730373991994 -0.21707340720662097 
1.5899551405384917 -1.5899551405384917 1.5825945825821173 -1.5825945825821173 1.575234177841462 
-0.21804362140992822 -0.21804362140992822 -0.21804439244432805 -0.21804439244432805 -0.218045105063374 
1.5899552375128863 -1.5899552375128863 1.5825952231257288 -1.5825952231257288 1.575235283137162 
-0.21893394940794925 -0.21893394940794925 -0.21893457237621444 -0.21893457237621444 -0.21893514602761316 
1.5899552824432615 -1.5899552824432615 1.5825955224578239 -1.5825955224578239 1.575235803975933 
-0.21974933872409452 -0.21974933872409452 -0.219749803705179 -0.219749803705179 -0.21975020962375708 
1.5899552986425607 -1.5899552986425607 1.5825956274007078 -1.5825956274007078 1.5752359825198619 
-0.22049531136731237 -0.22049531136731237 -0.22049578979689544 -0.22049578979689544 -0.22049621020576177 
1.5899553010014988 -1.5899553010014988 1.582595637178999 -1.582595637178999 1.5752359912769185 
-0.2211771204211606 -0.2211771204211606 -0.22117789650555097 -0.22117789650555097 -0.2211786322333561 
1.5899552914939574 -1.5899552914939574 1.5825955604416453 -1.5825955604416453 1.575235839352422 
-0.2217997360579645 -0.2217997360579645 -0.2218011367304119 -0.2218011367304119 -0.2218024978753873 
1.5899552700730188 -1.5899552700730188 1.5825953971289821 -1.5825953971289821 1.575235529044966 
-0.22236782094817836 -0.22236782094817836 -0.22237004864803933 -0.22237004864803933 -0.22237216951173022 
1.589955239285963 -1.589955239285963 1.5825951719090767 -1.5825951719090767 1.575235117577978 
Elapsed Time:  1557.4783 seconds
error using  50  steps is  0.00813073445239282
